camera_matrix:
- - 507.5977581840137
  - 0.0
  - 326.024675270411
- - 0.0
  - 508.5102182732554
  - 244.78459604686577
- - 0.0
  - 0.0
  - 1.0
dist_coeff:
- - 0.06837649326315479
  - 0.11827037229400199
  - 0.004047616996256864
  - -0.0009427409242144621
  - -0.5222565835684079
